2455 20180525 118.0 185.0 1.0 0.637837837838 10 28
2448 20180626 135.0 141.0 0.58024691358 0.510638297872 30 63
2448 20180710 256.0 673.0 0.389918887601 0.404160475483 10 21
2377 20180525 189.0 62.0 0.96875 0.693548387097 29 48
2377 20180605 230.0 128.0 0.901408450704 0.671875 15 34
2377 20180619 96.0 69.0 0.945205479452 0.68115942029 28 64
2377 20180619 146.0 194.0 0.984771573604 0.685567010309 3 18
3035 20180525 236.0 73.0 0.657657657658 0.465753424658 12 18
3035 20180607 60.0 45.0 0.978260869565 0.8 15 16
3035 20180613 75.0 74.0 1.0 0.716216216216 11 15
2456 20180531 80.0 82.0 0.329317269076 0.780487804878 85 143
2456 20180531 61.0 223.0 0.986725663717 0.856502242152 33 30
2456 20180604 90.0 219.0 0.655688622754 0.570776255708 54 85
2456 20180605 130.0 434.0 0.834615384615 0.642857142857 19 24
2456 20180608 116.0 236.0 0.890566037736 0.563559322034 53 78
2456 20180611 136.0 346.0 0.786363636364 0.520231213873 36 55
2456 20180611 75.0 398.0 0.681506849315 0.620603015075 23 36
2456 20180611 196.0 672.0 0.477611940299 0.400297619048 18 32
2456 20180612 166.0 182.0 0.640845070423 0.368131868132 83 134
2456 20180612 105.0 304.0 0.594911937378 0.546052631579 46 58
2456 20180612 51.0 59.0 0.967213114754 0.677966101695 98 171
2456 20180612 181.0 63.0 0.388888888889 0.809523809524 50 89
2456 20180612 132.0 315.0 0.913043478261 0.812698412698 12 13
2456 20180613 166.0 238.0 0.375394321767 0.378151260504 74 108
2456 20180613 60.0 377.0 0.725 0.705570291777 25 35
2456 20180613 55.0 132.0 1.0 0.643939393939 74 103
2456 20180614 185.0 901.0 0.652425778421 0.336293007769 15 22
2456 20180614 136.0 440.0 0.726072607261 0.443181818182 32 52
2456 20180615 191.0 262.0 0.796352583587 0.637404580153 32 39
2456 20180625 101.0 45.0 0.978260869565 0.355555555556 112 210
2456 20180626 216.0 496.0 0.815789473684 0.302419354839 43 73
2456 20180627 130.0 618.0 0.958139534884 0.640776699029 10 11
2456 20180702 221.0 587.0 0.89755351682 0.604770017036 8 12
2456 20180703 50.0 237.0 0.967346938776 0.582278481013 49 60
2456 20180703 41.0 149.0 0.886904761905 0.590604026846 64 90
2456 20180703 140.0 344.0 0.464237516869 0.5 44 56
2456 20180703 95.0 141.0 0.573170731707 0.404255319149 84 129
2456 20180703 85.0 119.0 0.991666666667 0.394957983193 92 147
2456 20180703 71.0 40.0 0.454545454545 0.7 106 196
2456 20180703 95.0 16.0 0.695652173913 0.5625 107 192
2456 20180704 55.0 196.0 0.942307692308 0.535714285714 60 83
2456 20180706 150.0 141.0 0.414705882353 0.375886524823 95 150
2313 20180703 236.0 230.0 0.771812080537 0.486956521739 19 46
5269 20180528 171.0 51.0 1.0 0.411764705882 9 14
5269 20180531 146.0 30.0 1.0 0.6 12 12
5269 20180612 165.0 15.0 1.0 0.666666666667 22 29
5269 20180612 30.0 12.0 1.0 0.75 22 28
5269 20180612 170.0 31.0 0.939393939394 0.548387096774 11 13
5269 20180613 150.0 43.0 0.934782608696 0.372093023256 10 19
5269 20180613 216.0 27.0 0.5625 0.407407407407 20 28
5269 20180614 60.0 30.0 1.0 0.6 11 15
5269 20180619 231.0 8.0 0.666666666667 0.625 48 68
5269 20180619 25.0 5.0 1.0 0.8 25 25
5269 20180619 86.0 10.0 0.833333333333 0.7 32 50
5269 20180619 156.0 20.0 0.909090909091 0.75 10 10
5269 20180620 131.0 8.0 0.888888888889 0.75 39 52
5269 20180621 232.0 9.0 0.75 0.666666666667 40 55
5269 20180625 75.0 8.0 1.0 0.625 41 55
5269 20180625 196.0 15.0 0.681818181818 0.6 28 35
5269 20180626 55.0 12.0 1.0 0.75 29 39
5269 20180709 161.0 21.0 0.913043478261 0.714285714286 14 11
5269 20180713 206.0 9.0 0.9 0.777777777778 36 48
3443 20180605 45.0 35.0 0.853658536585 0.771428571429 38 52
3443 20180606 235.0 62.0 0.805194805195 0.467741935484 33 47
3443 20180606 30.0 79.0 1.0 0.670886075949 13 22
3443 20180606 141.0 100.0 0.793650793651 0.41 18 36
3443 20180608 181.0 88.0 0.642335766423 0.329545454545 32 51
3443 20180613 206.0 39.0 0.886363636364 0.615384615385 35 52
3443 20180613 60.0 64.0 0.955223880597 0.75 16 25
3443 20180615 225.0 72.0 0.847058823529 0.430555555556 33 52
3443 20180615 236.0 85.0 0.745614035088 0.447058823529 27 38
3443 20180615 80.0 84.0 0.954545454545 0.416666666667 22 32
3443 20180619 130.0 45.0 0.789473684211 0.577777777778 41 52
3443 20180619 110.0 173.0 0.982954545455 0.404624277457 6 16
3443 20180620 101.0 37.0 0.787234042553 0.567567567568 48 72
3443 20180628 186.0 33.0 0.80487804878 0.666666666667 34 59
3443 20180702 121.0 129.0 0.848684210526 0.341085271318 16 22
3443 20180706 110.0 20.0 0.5 0.65 66 103
3443 20180706 196.0 69.0 0.945205479452 0.724637681159 7 13
3443 20180710 56.0 103.0 1.0 0.679611650485 9 20
4906 20180528 166.0 122.0 0.931297709924 0.573770491803 18 28
4906 20180607 115.0 120.0 0.75 0.775 12 16
