6414
2912
2915
5264
1707
2313
5269
2311
2105
3682
3673
2324
2890
2542
1402
1101
2609
6505
2049
1536
2610
3514
9945
3017
2347
3702
3706
4915
1476
1477
1301
1303
2455
2408
2409
5388
9904
3034
2317
2303
3665
2881
2887
2884
2885
2379
2377
1227
2458
2456
2883
2880
2886
2059
6285
2823
2330
5880
4958
2485
2383
2382
1312
1319
2882
2412
3576
2448
2449
6176
2325
5871
3005
3006
3008
1216
4938
2891
2634
3189
3231
1605
4904
3045
3044
3481
2454
2618
2498
2492
2393
3035
3036
1326
6452
6269
2603
3450
2892
2474
3376
6116
2352
2353
2356
2357
2354
2355
2439
2002
2308
8341
2301
6239
